79
39 114
56 34
148 34
167 113
180 34
276 33
296 114
320 33
405 35
426 112
443 33
526 32
551 200
518 88
363 95
366 200
350 93
236 98
228 197
207 86
69 74
64 274
101 169
290 164
309 278
332 170
482 160
536 277
500 448
427 535
300 594
212 550
160 498
137 448
177 460
228 457
242 415
249 369
215 342
183 345
144 351
131 382
132 436
128 396
160 386
180 409
196 435
165 455
137 443
94 390
69 346
62 275
39 187
24 118
32 14
72 15
88 30
102 49
120 6
194 7
227 49
252 7
324 3
359 52
376 6
457 1
475 55
504 18
548 12
579 17
572 103
562 175
540 266
505 347
453 412
355 485
422 478
458 448
491 414
